73
2
80
21
60
57
41
51
19
22
63
46
60
61
14
6
73
76
3
52
42
14
49
20
60
12
5
5
7
61
33
61
47
6
41
62
48
58
13
10
67
18
14
53
27
10
37
3
27
43
32
9
24
79
35
35
69
80
29
6
15
2
24
5
0
16
49
67
10
66
2
47
63
17
2
9
34
65
27
6
58
54
48
1
34
42
41
73
51
46
20
50
27
38
76
53
53
52
53
11
41
65
52
71
39
33
40
25
44
20
78
46
47
4
49
32
37
59
77
19
2
21
24
2
63
39
39
10
75
13
9
60
28
50
59
2
45
52
28
76
52
46
27
37
42
25
28
15
61
29
10
51
55
48
52
71
2
66
63
18
11
77
29
70
20
39
6
18
26
27
61
80
44
76
22
51
10
67
7
3
50
31
15
41
38
15
78
9
25
27
53
15
67
34
65
6
30
42
34
80
46
32
80
38
3
73
65
53
23
71
10
11
12
53
46
62
41
41
63
73
1
63
61
14
55
14
54
51
61
70
62
45
62
1
36
7
64
36
4
53
46
26
5
23
9
35
36
52
76
76
47
23
19
33
80
6
9
77
2
18
2
33
5
49
12
5
63
7
23
24
68
17
24
6
50
5
10
57
15
39
71
48
10
50
36
8
30
59
28
14
62
12
7
46
50
75
10
16
54
9
66
14
34
80
76
69
23
44
69
23
49
50
15
32
54
26
16
55
71
67
7
0
54
65
8
77
41
72
29
4
71
39
35
64
26
63
28
41
50
58
9
33
27
36
64
70
65
57
58
59
34
72
32
46
45
10
30
28
39
24
75
25
68
31
38
30
69
44
80
58
65
5
67
30
55
27
69
0
42
16
59
56
26
38
34
32
65
73
71
33
31
13
44
39
64
17
37
7
12
60
48
70
3
14
19
46
25
12
40
39
26
23
3
6
0
41
43
35
31
74
53
7
67
64
43
40
42
49
76
77
62
67
33
66
37
34
57
4
33
19
61
3
36
17
67
78
63
33
76
0
32
14
72
50
61
59
57
39
15
24
70
21
54
56
58
57
76
58
4
27
13
1
66
2
36
21
4
20
73
57
54
52
37
71
31
40
72
10
22
27
29
49
32
61
23
25
18
69
26
33
64
59
72
24
35
48
7
24
54
47
24
18
51
41
53
65
71
69
71
20
51
47
38
50
57
9
71
48
48
21
72
31
55
18
59
59
58
20
27
72
73
52
19
79
62
29
64
72
3
71
36
79
40
73
59
8
50
45
79
46
28
48
70
10
4
17
70
44
45
38
18
61
37
22
40
69
33
22
54
65
36
43
0
10
51
72
11
31
77
4
57
24
42
40
80
6
74
48
21
67
79
3
80
65
48
31
78
19
39
63
61
69
79
30
6
24
34
55
69
32
60
49
79
14
40
31
52
7
65
45
10
40
58
31
23
2
34
78
26
2
59
1
2
62
5
7
74
74
70
3
74
17
38
37
75
39
68
44
59
6
10
71
35
5
39
72
59
3
37
32
0
74
20
79
65
3
45
9
73
3
16
17
7
43
10
4
21
59
62
36
38
18
9
74
44
72
49
73
53
12
42
3
50
68
11
60
62
2
70
7
12
3
55
34
40
16
17
68
34
68
76
22
19
43
67
32
46
22
30
23
35
3
30
30
62
6
29
27
2
44
55
36
30
41
13
25
42
14
8
64
52
43
67
23
28
27
14
20
7
49
64
43
75
74
64
28
3
65
38
75
77
28
70
21
33
56
74
72
56
37
30
65
11
32
9
16
20
78
23
11
55
10
80
43
50
62
21
6
7
47
23
27
63
63
76
9
58
70
3
60
21
19
54
68
17
78
13
53
26
5
40
50
13
55
57
18
53
58
79
55
55
14
53
17
70
60
38
15
64
8
18
15
20
13
26
68
5
49
11
78
67
21
4
13
26
67
9
63
67
79
79
32
66
39
67
58
25
28
7
1
54
24
8
39
32
3
27
80
39
62
47
72
79
78
3
52
75
41
75
5
48
39
20
20
38
61
0
1
43
78
80
54
38
59
43
54
64
40
12
61
27
0
50
72
18
52
32
68
21
47
43
43
13
10
13
12
18
26
65
13
29
21
42
40
77
27
78
75
21
3
62
19
69
43
15
61
33
66
27
25
11
66
26
36
32
49
4
48
4
63
56
80
53
12
10
12
46
40
12
60
79
27
28
7
9
14
34
29
55
19
35
77
28
63
29
20
16
59
38
70
39
30
50
54
51
72
2
41
45
44
46
34
49
35
34
44
10
53
43
74
20
21
38
16
20
54
47
73
29
6
0
23
2
38
74
20
12
69
58
68
13
28
42
1
51
56
35
49
18
39
13
48
43
18
1
33
71
69
1
16
16
21
40
43
72
35
6
54
59
3
68
56
18
30
42
25
56
49
58
35
55
26
37
36
6
78
44
35
7
75
24
41
49
4
56
40
18
65
39
51
64
77
27
4
60
46
4
9
65
71
42
6
20
18
50
35
20
50
43
61
27
59
76
41
49
23
69
68
8
28
68
26
63
72
61
8
27
39
76
32
62
27
2
7
52
20
42
71
16
1
79
59
46
55
19
64
62
78
22
6
35
68
13
63
50
44
74
41
35
39
52
4
14
66
21
16
53
44
51
76
0
49
15
66
62
80
37
73
6
67
13
79
62
55
35
16
8
49
69
2
26
51
35
39
61
20
15
5
70
22
80
79
77
33
79
72
2
18
64
51
75
16
9
27
65
17
60
17
7
31
50
24
32
36
61
53
39
67
28
34
5
27
14
74
61
21
46
24
68
19
3
42
74
1
36
29
3
37
17
47
60
34
61
26
58
19
59
30
0
8
2
35
27
70
28
59
69
50
66
41
37
77
48
56
17
16
7
48
19
0
41
10
43
28
62
65
26
25
29
74
72
2
3
52
4
61
44
19
26
14
1
69
16
14
46
79
7
12
35
22
27
55
2
79
57
59
32
37
57
10
71
74
49
25
16
52
78
55
8
8
39
46
56
10
25
45
62
4
47
14
39
22
62
73
66
40
56
3
6
4
41
77
80
79
13
43
77
10
8
56
65
71
25
54
17
15
10
53
24
23
7
75
79
18
55
33
58
5
42
63
49
38
55
68
26
78
62
76
35
0
57
61
65
69
0
67
62
79
78
0
1
27
20
66
2
63
59
79
1
16
58
80
54
41
33
56
3
53
1
53
43
24
5
31
76
34
70
20
6
24
33
46
22
34
77
4
19
0
75
48
74
58
44
2
23
24
13
77
14
63
57
76
74
20
10
54
20
60
47
63
30
3
0
13
9
18
50
53
7
9
6
7
12
8
35
4
70
4
52
78
39
4
72
27
3
31
74
56
26
72
18
33
45
51
50
72
52
66
20
78
64
36
45
64
31
10
23
77
10
73
35
51
37
20
63
15
12
19
39
77
2
63
61
72
17
57
25
23
51
58
77
78
43
12
62
13
73
51
29
48
43
67
0
58
41
79
62
4
27
68
79
55
35
57
75
39
64
62
66
65
36
77
61
7
40
74
27
76
24
60
66
1
60
29
42
60
52
20
69
62
3
50
76
59
22
73
46
58
78
78
33
59
80
30
20
26
37
69
0
16
40
68
66
37
69
24
45
79
33
10
68
53
16
2
40
67
16
38
45
39
72
54
46
5
72
64
28
48
36
53
45
71
79
65
53
64
36
27
69
41
9
63
11
77
20
60
49
30
79
19
29
3
48
68
13
28
70
20
68
57
59
16
22
79
6
39
31
43
38
67
4
12
27
21
40
61
26
47
68
39
53
34
51
56
52
31
34
52
63
36
22
48
36
20
47
43
11
67
42
13
72
60
11
29
9
16
27
55
54
55
38
71
80
37
45
2
20
67
9
5
35
40
23
58
37
70
25
24
65
8
45
54
63
61
61
43
79
43
50
62
70
79
45
42
34
8
75
76
28
64
25
27
32
55
65
31
54
25
39
1
49
19
39
2
30
36
39
5
34
31
39
59
67
47
66
78
39
69
58
59
2
47
37
40
76
70
11
63
3
50
12
72
42
50
13
14
20
78
52
23
78
57
77
28
39
77
10
31
60
61
65
44
16
49
16
48
18
66
51
19
13
31
12
58
40
46
68
36
13
55
25
23
4
18
43
22
38
31
76
40
58
60
59
9
50
38
62
49
66
65
80
47
70
63
74
24
80
66
7
55
36
48
80
77
4
57
16
61
29
50
52
54
79
79
24
2
73
50
77
69
19
20
52
56
14
38
12
37
77
73
80
37
45
7
53
72
4
1
36
13
35
39
7
57
3
61
48
48
28
57
34
20
56
70
61
57
56
62
32
1
33
34
20
35
21
1
25
21
29
36
37
42
35
44
49
77
12
26
49
52
35
59
35
15
9
5
54
44
8
49
40
16
76
28
28
59
55
58
30
53
42
74
39
13
14
2
17
31
47
2
37
27
66
72
14
10
77
51
56
65
45
13
31
32
60
22
63
22
10
39
73
68
61
20
1
6
38
19
69
41
22
56
50
50
35
53
53
77
23
16
18
17
3
2
13
68
18
34
53
74
49
80
52
8
74
24
49
56
27
67
25
34
47
61
3
76
49
3
16
10
70
70
36
75
53
67
60
32
64
78
50
53
71
10
53
27
17
77
43
64
45
20
69
59
26
2
5
69
57
40
25
21
49
69
61
45
50
55
23
5
10
80
11
42
25
35
46
11
46
75
12
37
30
39
59
6
17
7
26
33
40
51
79
19
33
65
59
35
60
36
32
47
70
77
55
24
71
40
11
70
38
17
14
45
25
42
65
31
40
77
51
72
11
73
34
47
14
74
18
33
52
39
13
28
75
70
79
13
41
40
4
45
58
62
23
32
58
1
69
25
69
7
19
71
38
57
11
63
44
60
0
31
36
12
0
2
76
47
49
43
0
59
39
5
6
13
48
61
52
65
70
51
21
64
32
45
29
35
3
7
67
60
4
0
76
67
71
17
42
74
25
51
68
68
45
61
62
10
8
45
7
54
64
35
35
50
62
30
7
62
64
29
9
65
40
41
6
57
72
32
71
56
80
21
13
12
72
11
7
11
25
58
33
67
22
21
18
31
59
62
74
79
48
74
38
65
27
76
75
7
0
0
73
67
79
57
59
31
19
14
70
12
6
5
74
23
8
80
43
64
53
55
45
66
9
48
24
31
77
63
72
77
22
62
45
42
38
60
74
44
14
64
44
55
55
53
6
79
46
7
4
52
1
53
22
35
80
80
61
20
71
26
1
29
16
36
36
26
14
1
79
13
31
10
24
15
47
67
34
35
43
43
18
7
48
70
65
73
41
78
56
49
74
22
40
71
42
70
37
27
0
37
58
45
22
39
25
33
33
17
4
54
15
10
30
49
35
66
41
53
21
19
62
44
53
70
37
64
57
65
16
45
7
53
4
3
36
4
10
6
13
9
79
22
68
5
59
77
20
34
68
17
55
5
71
38
27
41
62
55
32
27
4
2
30
42
17
74
65
70
17
34
57
24
8
52
14
61
35
38
75
34
33
51
13
21
12
7
41
13
48
32
38
48
5
28
12
66
77
63
3
24
27
29
4
62
70
48
9
39
9
66
47
19
25
5
32
57
36
1
9
38
76
7
74
71
49
42
79
60
64
50
72
41
23
69
39
62
27
21
20
58
67
35
66
49
30
17
50
51
11
5
57
60
0
66
4
18
46
23
33
40
47
32
24
6
37
27
71
67
8
32
10
80
21
34
62
36
40
37
49
51
37
19
29
61
47
22
29
4
73
22
3
77
30
63
75
23
2
15
49
67
57
34
5
6
79
11
72
64
28
76
22
23
35
51
19
17
55
32
18
25
49
7
80
0
50
32
61
2
21
36
0
27
74
32
26
46
79
56
37
36
42
52
0
34
66
37
75
40
55
30
26
29
1
72
71
9
74
52
52
76
19
60
49
78
26
58
42
31
24
42
52
26
47
73
53
23
60
41
73
20
34
70
59
38
59
31
65
75
78
65
66
18
47
20
13
5
66
51
50
22
35
32
51
17
56
17
71
66
10
75
72
5
54
14
75
36
39
5
70
31
59
55
60
54
9
50
36
58
37
17
59
26
16
60
64
33
19
28
14
44
39
20
43
63
46
32
23
60
78
8
20
55
36
23
12
7
63
69
13
37
43
38
21
75
57
72
80
67
36
65
11
56
78
43
35
79
10
28
36
37
47
45
0
31
70
46
48
20
32
54
3
55
76
21
0
63
59
36
44
15
36
42
17
6
19
26
13
14
35
73
17
8
53
68
30
37
16
45
19
23
6
21
14
52
64
27
37
38
12
8
69
19
70
14
34
11
7
54
31
10
7
70
58
7
30
6
26
37
22
69
40
75
37
73
4
16
69
78
27
15
21
42
60
59
30
26
68
3
26
44
29
35
2
40
41
43
27
7
42
6
8
5
24
56
19
9
47
53
1
1
15
71
79
58
6
38
64
70
37
6
74
61
76
31
73
31
80
10
49
73
13
76
12
40
59
68
66
5
54
29
21
33
18
33
38
44
58
56
54
46
64
40
55
28
6
56
75
72
23
34
12
72
73
26
49
56
62
60
76
60
17
1
30
76
7
33
35
8
45
71
51
59
19
14
25
51
16
61
76
67
48
34
33
28
17
36
47
36
44
42
39
72
29
8
0
70
0
22
29
16
73
63
39
39
6
71
79
68
61
14
51
66
68
63
10
55
52
31
44
68
78
14
15
29
17
62
31
17
36
33
62
4
40
22
58
67
2
48
2
58
3
29
69
57
51
48
59
80
9
47
31
13
29
10
66
30
26
31
42
32
79
1
3
17
35
64
7
45
76
8
39
4
39
47
70
43
46
67
44
29
42
79
63
32
9
72
49
32
24
66
41
